27
2
255
191
2
255
271
2
255
280
2
255
281
2
255
285
2
255
196
3
255
197
3
255
27
4
255
195
4
255
196
4
255
190
5
255
191
6
255
192
6
255
192
7
255
193
7
255
192
8
255
194
8
255
195
8
255
196
8
255
202
8
255
205
8
255
194
9
255
197
9
255
203
9
255
204
9
255
206
9
255
268
9
255
194
10
255
195
10
255
197
10
255
198
10
255
204
10
255
205
10
255
206
10
255
207
10
255
269
10
255
270
10
255
195
11
255
196
11
255
198
11
255
207
11
255
269
11
255
196
12
255
205
12
255
269
12
255
207
13
255
197
14
255
268
16
255
269
17
255
211
18
255
280
18
255
282
18
255
287
18
255
279
19
255
280
19
255
196
20
255
278
20
255
286
20
255
287
20
255
180
21
255
197
21
255
281
21
255
180
22
255
198
22
255
280
22
255
180
23
255
180
24
255
204
24
255
205
25
255
269
25
255
205
26
255
206
27
255
204
28
255
206
28
255
207
28
255
263
28
255
267
28
255
268
28
255
195
29
255
205
29
255
206
29
255
207
29
255
262
29
255
268
29
255
269
29
255
3
30
255
206
30
255
261
30
255
298
30
255
5
31
255
264
31
255
268
31
255
297
31
255
209
32
255
214
32
255
210
33
255
214
33
255
298
33
255
211
34
255
35
35
255
36
35
255
211
35
255
212
35
255
219
35
255
36
36
255
198
36
255
212
36
255
31
37
255
32
37
255
40
37
255
325
37
255
31
38
255
213
38
255
220
38
255
324
38
255
325
38
255
326
38
255
29
39
255
30
39
255
31
39
255
324
39
255
326
39
255
46
40
255
324
40
255
325
40
255
326
40
255
27
41
255
214
41
255
21
42
255
22
42
255
23
42
255
26
42
255
50
42
255
214
42
255
221
42
255
222
42
255
268
42
255
17
43
255
19
43
255
24
43
255
52
43
255
268
43
255
216
44
255
12
45
255
13
45
255
14
45
255
15
45
255
267
45
255
9
46
255
33
46
255
267
46
255
7
47
255
9
47
255
267
47
255
7
48
255
9
48
255
38
48
255
67
48
255
267
48
255
7
49
255
8
49
255
40
49
255
71
49
255
43
50
255
45
51
255
227
51
255
8
52
255
48
52
255
7
53
255
9
53
255
228
53
255
7
54
255
13
54
255
14
55
255
85
55
255
153
55
255
229
55
255
63
56
255
64
56
255
154
56
255
155
56
255
91
58
255
231
58
255
14
59
255
93
59
255
261
59
255
76
60
255
232
60
255
295
60
255
19
61
255
79
61
255
263
61
255
22
62
255
82
62
255
100
62
255
260
62
255
262
62
255
16
63
255
85
63
255
103
63
255
233
63
255
266
63
255
294
63
255
295
63
255
12
64
255
16
64
255
17
64
255
88
64
255
89
64
255
104
64
255
266
64
255
13
65
255
17
65
255
91
65
255
14
66
255
18
66
255
19
66
255
94
66
255
106
66
255
15
67
255
16
67
255
17
67
255
18
67
255
19
67
255
20
67
255
96
67
255
108
67
255
16
68
255
110
68
255
234
68
255
17
69
255
103
69
255
234
69
255
116
70
255
117
72
255
23
73
255
112
73
255
118
73
255
161
73
255
162
73
255
163
73
255
265
73
255
25
74
255
108
74
255
109
74
255
111
74
255
120
74
255
161
74
255
266
74
255
25
75
255
110
75
255
111
75
255
235
75
255
21
76
255
110
76
255
126
76
255
127
76
255
156
76
255
22
77
255
24
77
255
130
77
255
150
77
255
151
77
255
236
77
255
28
78
255
145
78
255
25
79
255
135
79
255
139
79
255
238
79
255
238
80
255
239
80
255
265
80
255
26
81
255
27
81
255
28
81
255
104
81
255
238
81
255
239
81
255
240
81
255
265
81
255
26
82
255
28
82
255
104
82
255
241
82
255
265
82
255
28
83
255
32
83
255
242
83
255
32
84
255
46
84
255
103
84
255
265
84
255
29
85
255
30
85
255
32
85
255
33
85
255
34
85
255
52
85
255
241
85
255
242
85
255
262
85
255
265
85
255
30
87
255
101
87
255
245
87
255
101
88
255
247
88
255
264
88
255
265
88
255
35
89
255
249
89
255
262
89
255
265
89
255
40
90
255
99
90
255
100
90
255
251
90
255
261
90
255
294
90
255
66
91
255
100
91
255
252
91
255
61
92
255
62
92
255
65
92
255
254
92
255
259
92
255
294
92
255
51
93
255
255
93
255
53
94
255
55
94
255
63
94
255
66
94
255
67
94
255
70
94
255
76
94
255
86
94
255
99
96
255
100
96
255
97
97
255
128
100
255
129
100
255
128
101
255
141
101
255
127
102
255
291
102
255
127
103
255
296
103
255
298
104
255
300
105
255
301
105
255
129
106
255
301
106
255
302
106
255
128
107
255
129
107
255
130
107
255
302
107
255
303
107
255
304
107
255
134
108
255
302
108
255
303
108
255
304
108
255
355
108
255
304
109
255
358
109
255
131
110
255
305
110
255
306
111
255
306
112
255
308
113
255
309
114
255
310
114
255
358
114
255
309
115
255
310
115
255
309
116
255
168
117
255
312
119
255
313
122
255
358
122
255
358
123
255
358
124
255
358
125
255
314
127
255
78
130
255
65
131
255
66
131
255
83
131
255
81
132
255
358
132
255
315
133
255
358
133
255
65
134
255
178
137
255
358
137
255
68
138
255
358
138
255
358
139
255
177
140
255
358
140
255
180
141
255
358
141
255
78
142
255
358
142
255
82
143
255
317
143
255
318
143
255
358
143
255
75
144
255
81
144
255
319
144
255
320
144
255
358
144
255
79
145
255
80
145
255
320
145
255
358
145
255
77
146
255
78
146
255
321
146
255
358
146
255
76
147
255
77
147
255
358
147
255
75
148
255
358
148
255
74
149
255
322
149
255
358
149
255
73
150
255
74
150
255
83
150
255
157
150
255
74
151
255
255
151
255
258
151
255
261
152
255
256
153
255
260
153
255
261
153
255
255
154
255
255
156
255
262
156
255
70
160
255
66
162
255
157
162
255
157
165
255
78
166
255
76
167
255
77
167
255
158
168
255
67
171
255
72
171
255
159
171
255
71
172
255
70
173
255
68
174
255
69
174
255
160
174
255
61
175
255
67
175
255
59
176
255
161
176
255
56
177
255
64
177
255
82
177
255
80
178
255
163
179
255
164
180
255
164
181
255
165
182
255
165
183
255
166
183
255
194
183
255
167
184
255
66
185
255
167
185
255
65
186
255
168
186
255
168
187
255
61
188
255
195
188
255
60
189
255
61
189
255
62
189
255
60
190
255
182
190
255
59
191
255
182
191
255
58
192
255
57
193
255
190
193
255
55
194
255
56
194
255
294
195
255
293
196
255
294
196
255
292
197
255
197
200
255
290
200
255
358
200
255
289
201
255
358
201
255
212
202
255
288
202
255
358
202
255
212
203
255
213
203
255
214
203
255
286
203
255
358
204
255
358
205
255
187
208
255
0
211
255
0
212
255
0
213
255
180
213
255
180
214
255
178
215
255
179
215
255
177
216
255
178
216
255
176
217
255
177
217
255
176
218
255
177
218
255
175
219
255
176
219
255
173
220
255
174
220
255
175
220
255
172
221
255
173
221
255
174
221
255
171
222
255
172
222
255
173
222
255
170
223
255
169
224
255
170
224
255
168
225
255
169
225
255
167
226
255
168
226
255
166
227
255
167
227
255
257
227
255
258
227
255
60
228
255
164
228
255
258
228
255
162
229
255
163
229
255
257
229
255
257
230
255
151
231
255
160
231
255
257
231
255
257
232
255
150
233
255
157
233
255
158
233
255
257
233
255
156
234
255
147
235
255
148
235
255
155
235
255
147
236
255
153
236
255
154
236
255
155
236
255
257
236
255
257
237
255
144
238
255
145
238
255
151
238
255
257
238
255
143
239
255
144
239
255
256
239
255
142
240
255
143
240
255
257
240
255
142
241
255
214
242
255
256
244
255
219
247
255
0
248
255
256
248
255
256
250
255
135
251
255
