24
2
255
204
2
255
206
2
255
265
2
255
292
4
255
272
5
255
288
5
255
292
5
255
273
6
255
287
6
255
288
6
255
178
7
255
287
7
255
291
7
255
191
8
255
206
8
255
287
8
255
288
8
255
291
8
255
192
9
255
272
9
255
291
9
255
199
10
255
208
10
255
267
10
255
281
10
255
287
10
255
290
10
255
291
10
255
176
11
255
291
11
255
176
12
255
201
12
255
272
12
255
278
12
255
279
12
255
280
12
255
282
12
255
287
12
255
290
12
255
291
12
255
292
12
255
205
13
255
278
13
255
280
13
255
281
13
255
289
13
255
290
13
255
291
13
255
188
14
255
189
14
255
190
14
255
202
14
255
205
14
255
282
14
255
284
14
255
291
14
255
183
15
255
189
15
255
190
15
255
191
15
255
202
15
255
203
15
255
272
15
255
291
15
255
292
15
255
179
16
255
180
16
255
181
16
255
182
16
255
184
16
255
185
16
255
190
16
255
191
16
255
202
16
255
203
16
255
206
16
255
207
16
255
272
16
255
275
16
255
291
16
255
292
16
255
180
17
255
181
17
255
182
17
255
183
17
255
184
17
255
185
17
255
186
17
255
192
17
255
195
17
255
199
17
255
203
17
255
270
17
255
272
17
255
290
17
255
291
17
255
181
18
255
182
18
255
183
18
255
184
18
255
185
18
255
186
18
255
193
18
255
196
18
255
200
18
255
272
18
255
276
18
255
288
18
255
291
18
255
292
18
255
179
19
255
185
19
255
186
19
255
187
19
255
188
19
255
196
19
255
197
19
255
201
19
255
202
19
255
208
19
255
289
19
255
290
19
255
291
19
255
185
20
255
186
20
255
190
20
255
195
20
255
202
20
255
276
20
255
277
20
255
281
20
255
288
20
255
289
20
255
290
20
255
291
20
255
292
20
255
176
21
255
185
21
255
186
21
255
192
21
255
203
21
255
204
21
255
209
21
255
186
22
255
187
22
255
193
22
255
194
22
255
199
22
255
203
22
255
272
22
255
275
22
255
284
22
255
288
22
255
289
22
255
290
22
255
187
23
255
194
23
255
198
23
255
200
23
255
204
23
255
205
23
255
272
23
255
275
23
255
291
23
255
188
24
255
198
24
255
199
24
255
200
24
255
205
24
255
271
24
255
275
24
255
276
24
255
285
24
255
290
24
255
291
24
255
190
25
255
191
25
255
199
25
255
200
25
255
201
25
255
271
25
255
272
25
255
275
25
255
290
25
255
185
26
255
200
26
255
201
26
255
202
26
255
271
26
255
275
26
255
285
26
255
289
26
255
290
26
255
178
27
255
179
27
255
180
27
255
186
27
255
187
27
255
192
27
255
201
27
255
202
27
255
266
27
255
289
27
255
290
27
255
291
27
255
180
28
255
181
28
255
185
28
255
189
28
255
193
28
255
203
28
255
208
28
255
285
28
255
289
28
255
290
28
255
2
29
255
3
29
255
4
29
255
186
29
255
190
29
255
197
29
255
203
29
255
204
29
255
209
29
255
289
29
255
290
29
255
176
30
255
186
30
255
191
30
255
192
30
255
201
30
255
204
30
255
205
30
255
285
30
255
289
30
255
2
31
255
3
31
255
4
31
255
6
31
255
168
31
255
173
31
255
174
31
255
187
31
255
192
31
255
193
31
255
205
31
255
206
31
255
271
31
255
275
31
255
285
31
255
289
31
255
166
32
255
167
32
255
187
32
255
193
32
255
206
32
255
207
32
255
208
32
255
271
32
255
274
32
255
275
32
255
289
32
255
296
32
255
4
33
255
167
33
255
189
33
255
194
33
255
207
33
255
212
33
255
261
33
255
265
33
255
271
33
255
286
33
255
189
34
255
190
34
255
195
34
255
200
34
255
212
34
255
214
34
255
274
34
255
286
34
255
290
34
255
299
34
255
166
35
255
190
35
255
196
35
255
197
35
255
201
35
255
214
35
255
266
35
255
271
35
255
274
35
255
275
35
255
290
35
255
31
36
255
163
36
255
165
36
255
166
36
255
197
36
255
199
36
255
209
36
255
271
36
255
274
36
255
285
36
255
289
36
255
290
36
255
161
37
255
163
37
255
215
37
255
285
37
255
289
37
255
290
37
255
323
37
255
327
37
255
216
38
255
274
38
255
277
38
255
278
38
255
285
38
255
289
38
255
28
39
255
158
39
255
160
39
255
217
39
255
262
39
255
263
39
255
274
39
255
278
39
255
289
39
255
323
39
255
327
39
255
329
39
255
332
39
255
27
40
255
158
40
255
260
40
255
261
40
255
262
40
255
264
40
255
270
40
255
271
40
255
274
40
255
285
40
255
289
40
255
290
40
255
296
40
255
260
41
255
264
41
255
270
41
255
274
41
255
289
41
255
323
41
255
325
41
255
327
41
255
29
42
255
32
42
255
260
42
255
262
42
255
263
42
255
274
42
255
289
42
255
298
42
255
299
42
255
28
43
255
32
43
255
218
43
255
221
43
255
262
43
255
266
43
255
274
43
255
289
43
255
297
43
255
298
43
255
28
44
255
215
44
255
219
44
255
221
44
255
274
44
255
289
44
255
297
44
255
7
45
255
215
45
255
219
45
255
270
45
255
271
45
255
274
45
255
278
45
255
280
45
255
285
45
255
286
45
255
289
45
255
7
46
255
32
46
255
151
46
255
152
46
255
274
46
255
277
46
255
278
46
255
285
46
255
289
46
255
6
47
255
153
47
255
271
47
255
278
47
255
288
47
255
289
47
255
10
48
255
17
48
255
262
48
255
270
48
255
279
48
255
285
48
255
289
48
255
59
49
255
153
49
255
262
49
255
263
49
255
271
49
255
289
49
255
5
50
255
9
50
255
150
50
255
153
50
255
260
50
255
261
50
255
270
50
255
284
50
255
288
50
255
14
51
255
15
51
255
16
51
255
17
51
255
18
51
255
66
51
255
147
51
255
154
51
255
155
51
255
156
51
255
284
51
255
288
51
255
296
51
255
297
51
255
19
52
255
70
52
255
150
52
255
155
52
255
156
52
255
270
52
255
284
52
255
288
52
255
289
52
255
295
52
255
296
52
255
13
53
255
21
53
255
22
53
255
73
53
255
74
53
255
148
53
255
149
53
255
157
53
255
270
53
255
273
53
255
295
53
255
297
53
255
77
54
255
151
54
255
156
54
255
157
54
255
273
54
255
284
54
255
288
54
255
7
55
255
155
55
255
273
55
255
284
55
255
288
55
255
16
56
255
145
56
255
156
56
255
265
56
255
269
56
255
273
56
255
287
56
255
288
56
255
7
57
255
10
57
255
12
57
255
82
57
255
157
57
255
273
57
255
284
57
255
286
57
255
288
57
255
83
58
255
261
58
255
270
58
255
273
58
255
284
58
255
288
58
255
63
59
255
159
59
255
269
59
255
273
59
255
283
59
255
288
59
255
160
60
255
161
60
255
273
60
255
284
60
255
288
60
255
69
61
255
261
61
255
262
61
255
270
61
255
287
61
255
288
61
255
92
62
255
157
62
255
269
62
255
283
62
255
284
62
255
287
62
255
288
62
255
296
62
255
297
62
255
25
63
255
26
63
255
94
63
255
259
63
255
272
63
255
286
63
255
11
64
255
19
64
255
159
64
255
272
64
255
276
64
255
284
64
255
288
64
255
39
65
255
154
65
255
161
65
255
287
65
255
288
65
255
20
66
255
40
66
255
41
66
255
42
66
255
43
66
255
82
66
255
83
66
255
102
66
255
155
66
255
156
66
255
157
66
255
178
66
255
183
66
255
184
66
255
187
66
255
188
66
255
189
66
255
190
66
255
192
66
255
193
66
255
194
66
255
264
66
255
269
66
255
279
66
255
283
66
255
284
66
255
285
66
255
288
66
255
289
66
255
14
67
255
21
67
255
43
67
255
44
67
255
45
67
255
48
67
255
158
67
255
174
67
255
179
67
255
180
67
255
181
67
255
182
67
255
183
67
255
184
67
255
186
67
255
188
67
255
189
67
255
195
67
255
196
67
255
269
67
255
276
67
255
288
67
255
15
68
255
29
68
255
46
68
255
47
68
255
48
68
255
49
68
255
88
68
255
104
68
255
160
68
255
176
68
255
177
68
255
178
68
255
180
68
255
183
68
255
259
68
255
260
68
255
262
68
255
269
68
255
284
68
255
288
68
255
16
69
255
23
69
255
32
69
255
33
69
255
52
69
255
53
69
255
54
69
255
55
69
255
90
69
255
91
69
255
107
69
255
155
69
255
172
69
255
233
69
255
260
69
255
261
69
255
269
69
255
287
69
255
293
69
255
295
69
255
296
69
255
25
70
255
35
70
255
92
70
255
93
70
255
94
70
255
108
70
255
167
70
255
171
70
255
259
70
255
262
70
255
283
70
255
288
70
255
295
70
255
27
71
255
37
71
255
95
71
255
107
71
255
109
71
255
110
71
255
166
71
255
259
71
255
261
71
255
283
71
255
287
71
255
29
72
255
95
72
255
96
72
255
97
72
255
98
72
255
160
72
255
234
72
255
235
72
255
268
72
255
272
72
255
283
72
255
287
72
255
288
72
255
296
72
255
44
73
255
96
73
255
97
73
255
98
73
255
99
73
255
100
73
255
234
73
255
264
73
255
269
73
255
272
73
255
283
73
255
287
73
255
288
73
255
26
74
255
47
74
255
49
74
255
97
74
255
283
74
255
27
75
255
38
75
255
39
75
255
52
75
255
53
75
255
54
75
255
102
75
255
103
75
255
104
75
255
268
75
255
269
75
255
283
75
255
288
75
255
28
76
255
57
76
255
283
76
255
288
76
255
21
77
255
28
77
255
35
77
255
46
77
255
47
77
255
61
77
255
111
77
255
268
77
255
283
77
255
288
77
255
40
78
255
52
78
255
66
78
255
283
78
255
287
78
255
31
79
255
43
79
255
70
79
255
71
79
255
105
79
255
259
79
255
261
79
255
268
79
255
287
79
255
32
80
255
33
80
255
47
80
255
48
80
255
49
80
255
50
80
255
74
80
255
104
80
255
240
80
255
258
80
255
269
80
255
286
80
255
287
80
255
295
80
255
52
81
255
53
81
255
241
81
255
268
81
255
287
81
255
295
81
255
38
82
255
59
82
255
132
82
255
133
82
255
237
82
255
242
82
255
259
82
255
268
82
255
269
82
255
287
82
255
295
82
255
33
83
255
64
83
255
75
83
255
76
83
255
85
83
255
133
83
255
134
83
255
238
83
255
260
83
255
268
83
255
287
83
255
67
84
255
124
84
255
125
84
255
127
84
255
131
84
255
132
84
255
133
84
255
134
84
255
260
84
255
282
84
255
292
84
255
35
85
255
71
85
255
124
85
255
125
85
255
126
85
255
127
85
255
128
85
255
129
85
255
130
85
255
133
85
255
268
85
255
44
86
255
61
86
255
123
86
255
130
86
255
268
86
255
286
86
255
292
86
255
293
86
255
48
87
255
64
87
255
66
87
255
79
87
255
99
87
255
100
87
255
132
87
255
266
87
255
268
87
255
282
87
255
286
87
255
287
87
255
288
87
255
53
88
255
54
88
255
59
88
255
69
88
255
83
88
255
84
88
255
132
88
255
266
88
255
282
88
255
286
88
255
57
89
255
58
89
255
59
89
255
76
89
255
91
89
255
92
89
255
93
89
255
94
89
255
132
89
255
282
89
255
286
89
255
292
89
255
64
90
255
70
90
255
78
90
255
257
90
255
282
90
255
292
90
255
64
91
255
76
91
255
79
91
255
101
91
255
144
91
255
282
91
255
63
92
255
68
92
255
78
92
255
80
92
255
97
92
255
143
92
255
282
92
255
295
92
255
64
93
255
87
93
255
131
93
255
138
93
255
143
93
255
251
93
255
263
93
255
267
93
255
268
93
255
271
93
255
286
93
255
38
94
255
77
94
255
78
94
255
99
94
255
131
94
255
132
94
255
255
94
255
263
94
255
271
94
255
286
94
255
38
95
255
41
95
255
42
95
255
79
95
255
131
95
255
132
95
255
138
95
255
268
95
255
282
95
255
287
95
255
42
96
255
43
96
255
49
96
255
50
96
255
51
96
255
55
96
255
57
96
255
83
96
255
101
96
255
102
96
255
131
96
255
138
96
255
142
96
255
286
96
255
287
96
255
40
97
255
61
97
255
63
97
255
65
97
255
66
97
255
67
97
255
68
97
255
142
97
255
143
97
255
144
97
255
147
97
255
148
97
255
149
97
255
150
97
255
286
97
255
287
97
255
288
97
255
40
98
255
41
98
255
56
98
255
142
98
255
143
98
255
151
98
255
287
98
255
289
98
255
290
98
255
40
99
255
41
99
255
42
99
255
43
99
255
44
99
255
46
99
255
47
99
255
56
99
255
76
99
255
80
99
255
83
99
255
126
99
255
141
99
255
143
99
255
155
99
255
157
99
255
287
99
255
290
99
255
40
100
255
41
100
255
48
100
255
49
100
255
72
100
255
76
100
255
81
100
255
83
100
255
136
100
255
137
100
255
140
100
255
41
101
255
49
101
255
50
101
255
83
101
255
107
101
255
108
101
255
109
101
255
110
101
255
111
101
255
138
101
255
286
101
255
42
102
255
88
102
255
91
102
255
92
102
255
95
102
255
96
102
255
97
102
255
98
102
255
99
102
255
100
102
255
142
102
255
147
102
255
149
102
255
55
103
255
77
103
255
86
103
255
87
103
255
94
103
255
122
103
255
139
103
255
140
103
255
141
103
255
153
103
255
66
104
255
67
104
255
68
104
255
69
104
255
70
104
255
71
104
255
72
104
255
73
104
255
121
104
255
124
104
255
153
104
255
68
105
255
124
105
255
131
105
255
134
105
255
135
105
255
136
105
255
137
105
255
138
105
255
139
105
255
147
105
255
303
105
255
43
106
255
44
106
255
45
106
255
49
106
255
52
106
255
121
106
255
123
106
255
136
106
255
147
106
255
173
106
255
174
106
255
175
106
255
304
106
255
355
106
255
356
106
255
73
107
255
74
107
255
121
107
255
147
107
255
174
107
255
181
107
255
354
107
255
68
108
255
69
108
255
121
108
255
136
108
255
174
108
255
353
108
255
354
108
255
67
109
255
68
109
255
69
109
255
111
109
255
112
109
255
156
109
255
159
109
255
174
109
255
209
109
255
353
109
255
66
110
255
67
110
255
68
110
255
79
110
255
80
110
255
81
110
255
109
110
255
208
110
255
210
110
255
353
110
255
354
110
255
63
111
255
64
111
255
72
111
255
73
111
255
75
111
255
106
111
255
142
111
255
152
111
255
153
111
255
161
111
255
353
111
255
71
112
255
103
112
255
104
112
255
138
112
255
141
112
255
143
112
255
154
112
255
156
112
255
161
112
255
178
112
255
214
112
255
308
112
255
352
112
255
69
113
255
70
113
255
100
113
255
101
113
255
145
113
255
154
113
255
155
113
255
305
113
255
351
113
255
95
114
255
96
114
255
155
114
255
168
114
255
311
114
255
351
114
255
91
115
255
92
115
255
94
115
255
167
115
255
87
116
255
89
116
255
90
116
255
157
116
255
168
116
255
172
116
255
350
116
255
50
117
255
51
117
255
87
117
255
88
117
255
89
117
255
90
117
255
91
117
255
51
118
255
88
118
255
89
118
255
90
118
255
91
118
255
137
118
255
138
118
255
172
118
255
349
118
255
51
119
255
52
119
255
64
119
255
91
119
255
139
119
255
192
119
255
52
120
255
53
120
255
54
120
255
75
120
255
76
120
255
192
120
255
296
120
255
297
120
255
348
120
255
58
121
255
80
121
255
97
121
255
192
121
255
298
121
255
165
122
255
180
122
255
346
122
255
60
123
255
69
123
255
70
123
255
163
123
255
164
123
255
165
123
255
172
123
255
182
123
255
61
124
255
62
124
255
68
124
255
69
124
255
70
124
255
84
124
255
163
124
255
164
124
255
182
124
255
346
124
255
62
125
255
63
125
255
70
125
255
115
125
255
123
125
255
163
125
255
346
125
255
63
126
255
76
126
255
89
126
255
90
126
255
114
126
255
115
126
255
122
126
255
346
126
255
76
127
255
79
127
255
84
127
255
88
127
255
106
127
255
114
127
255
121
127
255
122
127
255
185
127
255
191
127
255
346
127
255
64
128
255
104
128
255
105
128
255
114
128
255
121
128
255
122
128
255
162
128
255
315
128
255
86
129
255
87
129
255
102
129
255
103
129
255
104
129
255
119
129
255
120
129
255
121
129
255
142
129
255
162
129
255
196
129
255
243
129
255
315
129
255
0
130
255
69
130
255
70
130
255
71
130
255
85
130
255
101
130
255
102
130
255
103
130
255
118
130
255
119
130
255
142
130
255
212
130
255
0
131
255
74
131
255
84
131
255
100
131
255
101
131
255
102
131
255
118
131
255
119
131
255
161
131
255
246
131
255
0
132
255
84
132
255
99
132
255
100
132
255
101
132
255
117
132
255
118
132
255
187
132
255
195
132
255
246
132
255
346
132
255
70
133
255
78
133
255
98
133
255
99
133
255
100
133
255
116
133
255
117
133
255
173
133
255
195
133
255
235
133
255
316
133
255
96
134
255
97
134
255
116
134
255
117
134
255
188
134
255
235
134
255
346
134
255
95
135
255
96
135
255
102
135
255
115
135
255
116
135
255
160
135
255
172
135
255
175
135
255
178
135
255
101
136
255
115
136
255
150
136
255
172
136
255
173
136
255
178
136
255
66
137
255
67
137
255
84
137
255
99
137
255
100
137
255
114
137
255
149
137
255
159
137
255
175
137
255
182
137
255
77
138
255
78
138
255
85
138
255
97
138
255
98
138
255
99
138
255
150
138
255
68
139
255
69
139
255
70
139
255
76
139
255
96
139
255
97
139
255
98
139
255
314
139
255
75
140
255
95
140
255
96
140
255
97
140
255
101
140
255
171
140
255
313
140
255
314
140
255
315
140
255
86
141
255
94
141
255
100
141
255
151
141
255
152
141
255
174
141
255
344
141
255
86
142
255
98
142
255
99
142
255
151
142
255
152
142
255
158
142
255
313
142
255
315
142
255
344
142
255
69
143
255
70
143
255
86
143
255
92
143
255
98
143
255
152
143
255
158
143
255
84
144
255
152
144
255
161
144
255
259
144
255
295
144
255
296
144
255
343
144
255
83
145
255
152
145
255
176
145
255
255
145
255
258
145
255
319
145
255
343
145
255
88
146
255
89
146
255
152
146
255
186
146
255
254
146
255
255
146
255
342
146
255
343
146
255
75
147
255
87
147
255
152
147
255
161
147
255
256
147
255
257
147
255
258
147
255
341
147
255
342
147
255
74
148
255
86
148
255
90
148
255
91
148
255
152
148
255
260
148
255
340
148
255
341
148
255
73
149
255
85
149
255
89
149
255
98
149
255
102
149
255
103
149
255
262
149
255
339
149
255
340
149
255
79
150
255
84
150
255
88
150
255
97
150
255
98
150
255
99
150
255
152
150
255
264
150
255
338
150
255
339
150
255
96
151
255
97
151
255
152
151
255
156
151
255
178
151
255
337
151
255
338
151
255
70
152
255
96
152
255
156
152
255
157
152
255
268
152
255
269
152
255
337
152
255
0
153
255
69
153
255
74
153
255
80
153
255
84
153
255
85
153
255
95
153
255
157
153
255
175
153
255
206
153
255
323
153
255
0
154
255
83
154
255
84
154
255
92
154
255
93
154
255
94
154
255
200
154
255
0
155
255
91
155
255
92
155
255
93
155
255
156
155
255
200
155
255
336
155
255
72
156
255
76
156
255
81
156
255
86
156
255
89
156
255
90
156
255
91
156
255
92
156
255
246
156
255
256
156
255
335
156
255
0
157
255
68
157
255
80
157
255
85
157
255
88
157
255
89
157
255
90
157
255
91
157
255
257
157
255
335
157
255
0
158
255
68
158
255
77
158
255
78
158
255
79
158
255
83
158
255
84
158
255
89
158
255
90
158
255
156
158
255
200
158
255
262
158
255
324
158
255
0
159
255
76
159
255
77
159
255
78
159
255
82
159
255
87
159
255
89
159
255
156
159
255
334
159
255
0
160
255
67
160
255
73
160
255
75
160
255
76
160
255
77
160
255
81
160
255
85
160
255
86
160
255
87
160
255
88
160
255
323
160
255
0
161
255
79
161
255
84
161
255
324
161
255
333
161
255
0
162
255
73
162
255
75
162
255
78
162
255
171
162
255
333
162
255
358
162
255
0
163
255
83
163
255
84
163
255
171
163
255
323
163
255
324
163
255
358
163
255
0
164
255
62
164
255
69
164
255
76
164
255
81
164
255
82
164
255
83
164
255
152
164
255
171
164
255
189
164
255
0
165
255
69
165
255
74
165
255
80
165
255
147
165
255
148
165
255
177
165
255
358
165
255
0
166
255
66
166
255
73
166
255
132
166
255
133
166
255
143
166
255
144
166
255
177
166
255
0
167
255
72
167
255
78
167
255
132
167
255
133
167
255
134
167
255
135
167
255
136
167
255
137
167
255
138
167
255
139
167
255
200
167
255
203
167
255
0
168
255
71
168
255
74
168
255
127
168
255
135
168
255
172
168
255
197
168
255
200
168
255
203
168
255
0
169
255
74
169
255
98
169
255
123
169
255
124
169
255
125
169
255
197
169
255
200
169
255
202
169
255
203
169
255
358
169
255
0
170
255
75
170
255
123
170
255
124
170
255
125
170
255
197
170
255
358
170
255
0
171
255
173
171
255
203
171
255
358
171
255
0
172
255
72
172
255
73
172
255
93
172
255
122
172
255
195
172
255
323
172
255
0
173
255
58
173
255
71
173
255
72
173
255
78
173
255
92
173
255
93
173
255
94
173
255
95
173
255
122
173
255
358
173
255
0
174
255
70
174
255
71
174
255
77
174
255
78
174
255
79
174
255
80
174
255
81
174
255
84
174
255
92
174
255
93
174
255
94
174
255
121
174
255
174
174
255
0
175
255
70
175
255
76
175
255
77
175
255
78
175
255
92
175
255
121
175
255
175
175
255
322
175
255
0
176
255
75
176
255
91
176
255
120
176
255
0
177
255
66
177
255
74
177
255
84
177
255
90
177
255
119
177
255
120
177
255
0
178
255
65
178
255
73
178
255
90
178
255
118
178
255
119
178
255
175
178
255
178
178
255
183
178
255
358
178
255
0
179
255
71
179
255
72
179
255
78
179
255
90
179
255
118
179
255
187
179
255
193
179
255
358
179
255
0
180
255
70
180
255
71
180
255
76
180
255
89
180
255
117
180
255
187
180
255
0
181
255
74
181
255
75
181
255
88
181
255
117
181
255
176
181
255
0
182
255
51
182
255
52
182
255
55
182
255
73
182
255
74
182
255
75
182
255
81
182
255
163
182
255
176
182
255
183
182
255
197
182
255
0
183
255
73
183
255
79
183
255
80
183
255
87
183
255
115
183
255
116
183
255
176
183
255
203
183
255
0
184
255
68
184
255
78
184
255
79
184
255
114
184
255
115
184
255
116
184
255
185
184
255
186
184
255
296
184
255
0
185
255
52
185
255
67
185
255
72
185
255
77
185
255
78
185
255
114
185
255
115
185
255
188
185
255
358
185
255
0
186
255
66
186
255
70
186
255
72
186
255
73
186
255
76
186
255
77
186
255
86
186
255
114
186
255
358
186
255
0
187
255
61
187
255
75
187
255
76
187
255
86
187
255
112
187
255
113
187
255
358
187
255
0
188
255
60
188
255
64
188
255
111
188
255
112
188
255
168
188
255
186
188
255
187
188
255
198
188
255
204
188
255
358
188
255
0
189
255
63
189
255
84
189
255
85
189
255
110
189
255
111
189
255
112
189
255
172
189
255
186
189
255
190
189
255
198
189
255
204
189
255
358
189
255
0
190
255
83
190
255
84
190
255
85
190
255
89
190
255
109
190
255
110
190
255
111
190
255
172
190
255
173
190
255
174
190
255
187
190
255
202
190
255
305
190
255
358
190
255
0
191
255
64
191
255
75
191
255
82
191
255
83
191
255
89
191
255
109
191
255
110
191
255
165
191
255
166
191
255
167
191
255
168
191
255
172
191
255
173
191
255
186
191
255
189
191
255
193
191
255
198
191
255
205
191
255
215
191
255
227
191
255
228
191
255
302
191
255
358
191
255
0
192
255
54
192
255
63
192
255
64
192
255
73
192
255
88
192
255
89
192
255
108
192
255
109
192
255
164
192
255
165
192
255
170
192
255
173
192
255
182
192
255
193
192
255
196
192
255
198
192
255
205
192
255
228
192
255
229
192
255
299
192
255
300
192
255
301
192
255
358
192
255
0
193
255
62
193
255
63
193
255
64
193
255
87
193
255
88
193
255
92
193
255
164
193
255
165
193
255
174
193
255
297
193
255
298
193
255
300
193
255
358
193
255
0
194
255
63
194
255
64
194
255
86
194
255
87
194
255
164
194
255
174
194
255
187
194
255
192
194
255
193
194
255
293
194
255
296
194
255
0
195
255
52
195
255
56
195
255
63
195
255
86
195
255
87
195
255
163
195
255
193
195
255
211
195
255
292
195
255
293
195
255
0
196
255
51
196
255
77
196
255
104
196
255
105
196
255
162
196
255
188
196
255
202
196
255
205
196
255
211
196
255
291
196
255
292
196
255
295
196
255
0
197
255
49
197
255
50
197
255
76
197
255
77
197
255
84
197
255
103
197
255
104
197
255
162
197
255
175
197
255
189
197
255
192
197
255
193
197
255
194
197
255
205
197
255
211
197
255
291
197
255
294
197
255
0
198
255
49
198
255
77
198
255
83
198
255
102
198
255
103
198
255
162
198
255
175
198
255
179
198
255
180
198
255
189
198
255
197
198
255
205
198
255
292
198
255
293
198
255
0
199
255
81
199
255
101
199
255
102
199
255
174
199
255
175
199
255
191
199
255
192
199
255
206
199
255
0
200
255
80
200
255
81
200
255
82
200
255
89
200
255
90
200
255
91
200
255
92
200
255
161
200
255
175
200
255
192
200
255
193
200
255
205
200
255
288
200
255
289
200
255
0
201
255
48
201
255
80
201
255
81
201
255
88
201
255
89
201
255
90
201
255
91
201
255
161
201
255
175
201
255
196
201
255
208
201
255
288
201
255
0
202
255
47
202
255
80
202
255
87
202
255
88
202
255
89
202
255
161
202
255
176
202
255
177
202
255
209
202
255
290
202
255
0
203
255
86
203
255
87
203
255
88
203
255
161
203
255
176
203
255
177
203
255
205
203
255
209
203
255
215
203
255
0
204
255
46
204
255
85
204
255
86
204
255
87
204
255
160
204
255
175
204
255
178
204
255
179
204
255
203
204
255
284
204
255
0
205
255
46
205
255
85
205
255
86
205
255
180
205
255
181
205
255
203
205
255
205
205
255
210
205
255
214
205
255
282
205
255
0
206
255
46
206
255
85
206
255
182
206
255
198
206
255
199
206
255
205
206
255
210
206
255
182
207
255
190
207
255
191
207
255
194
207
255
195
207
255
200
207
255
202
207
255
210
207
255
211
207
255
212
207
255
210
208
255
211
208
255
217
208
255
272
208
255
273
208
255
275
208
255
276
208
255
182
209
255
183
209
255
203
209
255
209
209
255
210
209
255
211
209
255
260
209
255
267
209
255
181
210
255
213
210
255
243
210
255
181
211
255
225
211
255
238
211
255
239
211
255
240
211
255
259
211
255
180
212
255
190
212
255
227
212
255
228
212
255
230
212
255
231
212
255
358
212
255
358
213
255
190
214
255
213
214
255
261
214
255
177
215
255
213
215
255
227
215
255
358
215
255
76
216
255
176
216
255
180
216
255
227
216
255
358
216
255
74
217
255
158
217
255
175
217
255
358
217
255
73
218
255
158
218
255
174
218
255
212
218
255
227
218
255
259
218
255
279
218
255
358
218
255
0
219
255
158
219
255
173
219
255
177
219
255
264
219
255
358
219
255
0
220
255
157
220
255
172
220
255
176
220
255
264
220
255
0
221
255
175
221
255
211
221
255
252
221
255
253
221
255
254
221
255
0
222
255
156
222
255
174
222
255
257
222
255
260
222
255
0
223
255
67
223
255
156
223
255
211
223
255
0
224
255
58
224
255
66
224
255
67
224
255
73
224
255
74
224
255
155
224
255
192
224
255
211
224
255
228
224
255
260
224
255
261
224
255
0
225
255
65
225
255
66
225
255
155
225
255
170
225
255
211
225
255
228
225
255
260
225
255
261
225
255
0
226
255
154
226
255
169
226
255
170
226
255
192
226
255
260
226
255
358
226
255
0
227
255
63
227
255
64
227
255
153
227
255
192
227
255
229
227
255
261
227
255
325
227
255
328
227
255
330
227
255
358
227
255
0
228
255
59
228
255
61
228
255
64
228
255
65
228
255
162
228
255
192
228
255
229
228
255
325
228
255
328
228
255
358
228
255
0
229
255
56
229
255
152
229
255
192
229
255
229
229
255
231
229
255
326
229
255
331
229
255
358
229
255
151
230
255
163
230
255
192
230
255
229
230
255
231
230
255
232
230
255
358
230
255
0
231
255
162
231
255
192
231
255
232
231
255
258
231
255
326
231
255
0
232
255
162
232
255
192
232
255
256
232
255
325
232
255
326
232
255
329
232
255
148
233
255
149
233
255
192
233
255
213
233
255
324
233
255
148
234
255
150
234
255
151
234
255
192
234
255
234
234
255
146
235
255
149
235
255
150
235
255
217
235
255
256
235
255
145
236
255
148
236
255
217
236
255
260
236
255
144
237
255
230
237
255
255
237
255
260
237
255
143
238
255
146
238
255
150
238
255
218
238
255
230
238
255
260
238
255
142
239
255
145
239
255
148
239
255
149
239
255
255
239
255
141
240
255
144
240
255
147
240
255
216
240
255
217
240
255
140
241
255
146
241
255
147
241
255
148
241
255
149
241
255
222
241
255
139
242
255
142
242
255
145
242
255
146
242
255
211
242
255
218
242
255
222
242
255
138
243
255
144
243
255
145
243
255
222
243
255
255
243
255
137
244
255
138
244
255
146
244
255
214
244
255
257
244
255
137
245
255
146
245
255
210
245
255
255
245
255
257
245
255
137
246
255
141
246
255
210
246
255
219
246
255
133
247
255
217
247
255
257
248
255
134
249
255
218
249
255
209
250
255
257
250
255
134
251
255
255
251
255
136
252
255
257
252
255
193
253
255
208
253
255
256
253
255
0
254
255
132
254
255
255
254
255
256
254
255
0
255
255
207
255
255
256
255
255
257
255
255
207
256
255
255
256
255
0
257
255
206
257
255
256
257
255
0
258
255
205
258
255
255
258
255
256
258
255
195
259
255
205
259
255
255
259
255
256
259
255
195
260
255
204
260
255
256
260
255
195
261
255
0
262
255
195
262
255
202
262
255
203
262
255
0
263
255
201
263
255
256
263
255
0
264
255
200
264
255
201
264
255
0
265
255
199
265
255
200
265
255
201
265
255
255
265
255
256
265
255
0
266
255
195
266
255
196
266
255
199
266
255
200
266
255
201
266
255
255
266
255
256
266
255
0
267
255
200
267
255
255
267
255
256
267
255
0
268
255
195
268
255
255
268
255
256
268
255
0
269
255
255
269
255
0
270
255
0
271
255
255
271
255
0
272
255
255
272
255
0
273
255
255
273
255
0
274
255
255
274
255
0
275
255
0
276
255
0
277
255
0
278
255
0
279
255
